16
51
52
55
87
88
98
102
123
126
127
129
130
134
136
139
140
145
147
148
150
152
154
156
157
158
159
160
164
165
167
169
171
172
173
175
176
178
179
180
184
188
190
193
195
196
198
200
202
203
204
206
208
210
214
216
218
221
226
229
232
235
238
239
240
243
246
248
249
258
259
266
268
276
278
280
282
283
284
285
298
303
306
311
314
316
323
331
332
340
341
346
351
412
414
415
469
480
485
488
504
527
536
563
579
596
600
619
620
643
648
657
669
673
678
684
693
698
708
712
728
732
734
739
753
755
758
760
767
769
773
776
777
786
788
789
790
791
806
808
820
823
827
829
835
839
847
848
852
856
860
863
869
870
871
872
879
881
883
901
916
919
920
922
933
935
951
959
963
973
977
978
982
985
989
992
997
1001
1004
1013
1031
1045
1060
1062
1065
1071
1074
1083
1095
1107
1113
1115
1116
1121
1129
1136
1146
1147
1150
1157
1177
1190
1191
1198
1203
1216
1222
1233
1234
1237
1243
1249
1253
1262
1269
1273
1274
1275
1277
1278
1282
1284
1285
1289
1290
1292
1299
1300
1303
1314
1315
1319
1330
1332
1334
1335
1336
1337
1345
1348
1350
1353
1357
1358
1370
1372
1377
1380
1383
1387
1389
1390
1398
1400
1403
1404
1407
1412
1416
1418
1425
1427
1440
1441
1442
1446
1450
1455
1462
1464
1467
1482
1483
1484
1486
1490
1504
1506
1510
1514
1519
1526
1527
1529
1531
1533
1534
1538
1541
1546
1548
1568
1569
1574
1579
1580
1582
1583
1585
1586
1588
1595
1602
1609
1612
1617
1628
1631
1634
1635
1636
1650
1654
1656
1658
1659
1663
1668
1674
1686
1689
1695
1703
1731
1732
1735
1736
1743
1744
1746
1747
1751
1752
1755
1756
1759
1762
1763
1780
1782
1791
1795
1799
1806
1809
1817
1819
1822
1826
1828
1837
1841
1845
1847
1860
1861
1870
1877
1884
1901
1902
1907
1908
1910
1935
1951
1952
1954
1960
1963
1965
1968
1969
1974
1978
1979
1980
1982
1985
1987
1991
1992
1993
1994
1997
2002
2011
2013
2014
2015
2021
2025
2027
2033
2034
2038
2040
2048
2050
2053
2057
2060
2063
2068
2077
2078
2082
2084
2097
2102
2103
2107
2114
2118
2122
2124
2128
2131
2138
2142
2146
2147
2149
2150
2151
2160
2163
2165
2170
2171
2175
2178
2180
2183
2185
2186
2188
2191
2192
2198
2199
2201
2204
2206
2207
2211
2214
2217
2218
2219
2222
2225
2226
2229
2232
2243
2244
2247
2248
2253
2255
2262
2270
2271
2276
2287
2295
2297
2299
2302
2315
2327
2329
2330
2337
2347
2350
2379
2381
2386
2387
2389
2405
2420
2426
2441
2442
2443
2461
2467
2470
2471
2472
2476
2477
2478
2481
2484
2490
2494
2503
2504
2505
2506
2509
2510
2515
2516
2518
2530
2531
2532
2533
2536
2543
2544
2560
2561
2572
2608
2609
2611
2632
2633
2638
2640
2643
2646
2657
2677
2679
2686
2694
2697
2708
2710
2711
2712
2715
2716
2729
2730
2747
2758
2765
2770
2771
2780
2785
2787
2798
2801
2808
2809
2818
2820
2825
2830
2839
2852
2860
2862
2864
2873
2874
2878
2886
2893
2895
2906
2915
2917
2924
2927
2928
2929
2930
2933
2936
2937
2943
2946
2948
2951
2955
2957
2959
2962
2964
2971
2974
2977
2980
2981
2988
2989
2992
2994
2998
3002
3013
3014
3017
3020
3029
3032
3040
3046
3047
3049
3050
3056
3057
3062
3069
3071
3073
3074
3077
3083
3085
3086
3087
3091
3094
3097
3106
3109
3118
3126
3127
3130
3131
3133
3137
3138
3147
3149
3153
3157
3175
3179
3185
3186
3188
3190
3191
3198
3218
3243
3247
3252
3264
3271
3305
3312
3313
3317
3328
3333
3334
3352
3363
3365
3370
3372
3373
3376
3377
3392
3428
3447
3450
3456
3458
3461
3466
3474
3475
3506
3510
3512
3515
3516
3518
3519
3522
3523
3549
3550
3574
3589
3591
3604
3632
3645
3648
3649
3676
3693
3700
3707
3716
3741
3746
3747
3750
3756
3757
3758
3761
3767
3778
3781
3783
3789
3794
3795
3801
3802
3803
3805
3809
3811
3813
3814
3815
3820
3822
3824
3825
3826
3828
3829
3836
3841
3846
3854
3859
3861
3863
3867
3869
3873
3874
3875
3877
3879
3886
3893
3921
3942
3943
3944
3947
3950
3953
3956
3961
3967
3972
3973
3981
3987
3991
3993
4000
4003
4009
4012
4025
4030
4037
4044
4060
4075
4078
4080
4096
4110
4116
4119
4142
4152
4161
4171
4193
4197
4198
4213
4228
4256
4257
4265
4266
4267
4268
4270
4272
4274
4275
4280
4282
4283
4290
4293
4297
4298
4316
4323
4332
4335
4337
4344
4348
4362
4369
4377
4383
4388
4390
4392
4396
4399
4404
4409
4420
4425
4431
4437
4444
4456
4457
4484
4495
4497
4498
4515
4528
4538
4539
4548
4549
4550
4553
4556
4558
4559
4563
4564
4571
4577
4580
4581
4584
4586
4588
4599
4602
4604
4622
4630
4641
4644
4651
4653
4658
4666
4670
4671
4672
4688
4721
4723
4724
4725
4727
4731
4740
4748
4755
4776
4794
4822
4823
4836
4847
4849
4850
4854
4855
4858
4861
4862
4863
4864
4869
4870
4871
4872
4873
4874
4876
4877
4878
4879
4880
4881
4882
4883
4884
4885
4886
4887
4888
4889
4890
4891
4892
4893
4894
4896
4897
4898
4899
4900
4901
4903
4904
4907
4928
4935
4936
4942
4945
4959
4960
4965
4975
4987
5002
5005
5007
5026
5033
5039
5052
5061
5067
5069
5075
5076
5138
5142
5149
5150
5157
5158
5160
5161
5162
5169
5171
5211
5212
5232
5233
5257
5258
5259
5264
5271
5287
5299
5328
5345
5372
5379
5397
5398
5399
5400
5401
5402
5412
5413
5414
5415
5416
5418
5419
5420
5421
5435
5500
5502
5503
5540
5541
5542
5549
5576
5628
5632
5638
5746
5758
5778
5842
5843
5877
5900
5907
5909
5927
5928
5929
5930
5931
5932
5933
5934
5935
5936
5937
5938
5940
5941
5942
5943
5944
5945
5946
5947
5948
5949
5950
5953
5954
5955
5956
5957
5958
5959
5960
5961
5962
5963
5964
5965
5966
5967
5968
5969
5970
5971
5972
5973
5975
5976
5977
5978
6001
6002
6009
6013
6022
6059
6082
6096
6116
6122
6131
6154
6156
6160
6217
6221
6228
6239
6276
6283
6300
6374
6433
6434
6443
6525
6529
6530
6531
6532
6533
6534
6535
6537
6538
6564
6607
6611
6614
6643
6651
6661
6664
6675
6686
6687
6698
6706
6707
6708
6709
6710
6711
6741
6742
6743
6755
6824
6825
6826
6827
6828
6829
6830
6831
6832
6833
6834
6835
6889
6898
6907
6926
6945
6991
7012
7013
7014
7017
7018
7114
7141
7144
7154
7159
7167
7177
7182
7183
7190
7197
7206
7234
7276
7301
7316
7331
7334
7422
7423
7446
7447
7448
7455
7472
7482
7514
7515
7527
7528
7529
7543
7544
7545
7547
7548
7549
7550
7551
7552
7555
7557
7574
7575
7576
7578
7619
7625
7627
7630
7660
7681
7700
7712
7715
7817
7840
7850
7853
7965
7966
7977
7981
8044
8053
8081
8082
8100
8102
8124
8125
8126
8127
8128
8130
8132
8136
8140
8148
8152
8190
8209
8213
8241
8256
8261
8265
8268
8277
8284
8288
8291
8293
8297
8311
8364
8380
8381
8382
8390
8391
8397
8407
8408
8554
8567
8606
8633
8634
8643
8647
8651
8686
8687
8695
8737
8746
8765
8775
8776
8778
8808
8814
8880
8888
8913
8963
8964
8976
8977
8978
8985
9040
9043
9049
9054
9061
9079
9085
9102
9139
9142
9145
9147
9150
9154
9155
9159
9160
9163
9165
9197
9232
9240
9245
9250
9280
9290
9340
9356
9389
9394
9407
9409
9410
9411
9412
9413
9414
9415
9416
9421
9422
9436
9437
9446
9456
9457
9465
9469
9470
9471
9472
9474
9475
9477
9487
9491
9496
9497
9498
9500
9501
9502
9503
9505
9507
9509
9519
9520
9523
9525
9526
9527
9530
9532
9533
9534
9535
9536
9537
9538
9539
9540
9541
9542
9543
9544
9589
9590
9599
9609
9610
9611
9620
9624
9625
9626
9627
9629
9660
9661
9662
9686
9687
9723
9724
9735
9736
9737
9757
9758
9759
9797
9807
9808
9875
9886
9887
9889
9896
9952
10058
10078
10103
10107
10108
10109
10120
10127
10145
10146
10147
10148
10149
10150
10296
10320
10323
10327
10336
10340
10351
10352
10353
10355
10388
10393
10410
10416
10423
10425
10436
10458
10459
10460
10463
10487
10500
10513
10546
10548
10556
10557
10558
10562
10617
10619
10620
10621
10622
10655
10704
10734
10825
10832
10852
10862
10864
10891
10903
10941
10961
10962
10964
10974
10981
10996
10997
10999
11071
11132
11172
11212
11292
11453
11467
11604
11609
11616
11649
11650
11656
11681
11694
11711
11712
11745
11802
11804
11886
11948
11952
11983
12059
12060
12082
12112
12116
12158
12189
12203
12204
12206
12207
12210
12212
12306
12343
12358
12359
12364
12365
12367
12368
12374
12382
12385
12393
12395
12413
12414
12415
12416
12417
12418
12419
12420
12421
12422
12423
12424
12425
12426
12427
12428
12429
12430
12431
12432
12433
12434
12435
12437
12438
12489
12534
12535
12536
12537
12538
12539
12540
12564
12565
12566
12579
12581
12582
12593
12594
12595
12596
12597
12598
12599
12601
12616
12644
12645
12646
12647
12650
12651
12652
12653
12654
12655
12656
12658
12659
12660
12661
12662
12663
12664
12665
12666
12667
12668
12669
12670
12671
12672
12673
12674
12675
12676
12677
12718
12719
12720
12721
12753
12756
12757
12758
12759
12761
12762
12764
12858
12859
12860
12869
12887
12984
12985
12986
12987
12988
12989
12990
12991
12992
12993
12994
12995
12996
13004
13009
13010
13016
13019
13117
13118
13119
13185
13188
13196
13197
13199
13200
13207
13284
13292
13300
13301
13314
13315
13336
13337
13338
13340
13341
13373
13391
13392
13398
13417
13432
13442
13455
13467
13473
13476
13483
13490
13601
13617
13622
13629
13631
13635
13639
13640
13645
13649
13657
13669
13670
13671
13675
13678
13693
13701
13702
13703
13705
13707
13714
13715
13716
13717
13718
13719
13720
13737
13739
13740
13761
13762
13772
13776
13794
13795
13796
13797
13798
13816
13826
13849
13852
13910
13927
13928
13930
13931
13932
13933
13934
13935
13936
13937
13938
13939
13940
13941
13942
13943
13944
13945
13946
13947
13948
13949
13950
13951
13952
13953
13954
13983
14016
14024
14027
14029
14058
14113
14117
14123
14133
14134
14135
14138
14162
14226
14240
14241
14243
14244
14245
14260
14298
14299
14300
14517
14518
14519
14520
14521
14532
14536
14546
14547
14548
14551
14556
14558
14561
14562
14563
14564
14565
14566
14582
14583
14584
14585
14586
14593
14607
14608
14628
14688
14696
14698
14722
14729
14747
14748
14749
14790
14819
14824
14836
14853
14854
14855
14857
14858
14859
14985
14998
15054
15093
15094
15097
15146
15168
15173
15174
15180
15184
15185
15191
15195
15197
15198
15225
15228
15229
15247
15327
15344
15355
15356
15366
15368
15419
15421
15503
15537
15568
15573
15594
15627
15635
15636
15637
15644
15803
15885
15886
15915
15927
15957
16010
16084
16105
16109
16110
16111
16112
16113
16143
16209
16427
16677
17171
17333
17334
17335
17336
17337
17338
17339
17340
17341
17342
17343
17344
17345
17346
17347
17348
17349
17350
17351
17352
17353
17354
17355
17356
17357
17358
17359
17360
17361
17362
17363
17364
17365
17366
17367
17368
17369
17370
17371
17372
17373
17374
17375
17376
17377
17378
17379
17380
17381
17382
17383
17384
17385
17386
17387
17388
17389
17390
17391
17392
17393
17394
17395
17396
17397
17398
17399
17400
17401
17402
17403
17404
17405
17406
17407
17408
17409
17410
17411
17412
17413
17414
17415
17416
17417
17418
17419
17420
17421
17422
17423
17424
17425
17426
17427
17428
17429
17430
17431
17432
17433
17434
17435
17436
17437
17438
17439
17440
17441
17442
17443
17444
17445
17446
17447
17448
17449
17450
17451
17452
17453
17454
17455
17456
17457
17458
17459
17460
17461
17462
17463
17464
17465
17466
17467
17468
17469
17470
17471
17472
17473
17474
17475
17476
17477
17478
17479
17480
17481
17482
17483
17484
17485
17486
17487
17488
17489
17490
17491
17492
17493
17494
17495
17496
17497
17498
17499
17500
17501
17502
17503
17504
17505
17506
17507
17508
17509
17510
17511
17512
17513
17514
17515
17516
17517
17518
17519
17520
17521
17522
17523
17524
17525
17526
17527
17528
17529
17530
17531
17532
17533
17534
17535
17536
17537
17538
17539
17540
17541
17542
17543
17544
17545
17546
17547
17548
17549
17550
17551
17552
17553
17554
17555
17556
17557
17558
17559
17560
17561
17562
17563
17564
17565
17566
17567
17568
17569
17570
17571
17572
17573
17574
17575
17576
17577
17578
17579
17580
17581
17582
17583
17584
17585
17586
17587
17588
17589
17590
17591
17592
17593
17594
17595
17596
17597
17598
17599
17600
17601
17602
17603
17604
17605
17606
17607
17608
17609
17610
17611
17612
17613
17614
17615
17616
17617
17618
17619
17620
17621
17622
17623
17624
17625
17626
17627
17628
17629
17630
17631
17632
17633
17634
17635
17636
17637
17638
17639
17640
17641
17642
17643
17644
17645
17646
17647
17648
17649
17650
17651
17652
17653
17654
17655
17656
17657
17658
17659
17660
17661
17662
17663
17664
17665
17666
17667
17668
17669
17670
17671
17672
17673
17674
17675
17676
17677
17678
17679
17680
17681
17682
17683
17684
17685
17686
17687
17688
17689
17690
17691
17692
17693
17694
17695
17696
17697
17698
17699
17700
17701
17702
17703
17704
17705
17706
17707
17708
17709
17710
17711
17712
17713
17714
17715
17716
17717
17718
17719
17720
17721
17722
17723
17724
17725
17726
17727
17728
17729
17730
17731
17732
17733
17734
17735
17736
17737
17738
17739
17740
17741
17742
17743
17744
17745
17746
17747
17748
17749
17750
17751
17752
17753
17754
17755
17756
17757
17758
17759
17760
17761
17762
17763
17764
17765
17766
17767
17768
17769
17770
17771
17772
17773
17774
17775
17776
17777
17778
17779
17780
17781
17782
17783
17784
17785
17786
17787
17788
17789
17790
17791
17792
17793
17794
17795
17796
17797
17798
17799
17800
17801
17802
17803
17804
17805
17806
17807
17808
17809
17810
17811
17812
17813
17814
17815
17816
17817
17818
17819
17820
17821
17822
17823
17824
17825
17826
17827
17828
17829
17830
17831
17832
17833
17834
17835
17836
17837
17838
17839
17840
17841
17842
17843
17844
17845
17846
17847
17848
17849
17850
17851
17852
17853
17854
17855
17856
17857
17858
17859
17860
17861
17862
17863
17864
17865
17866
17867
17868
17869
17870
17871
17872
17873
17874
17875
17876
17877
17878
17879
17880
17881
17882
17883
17884
17885
17886
17887
17888
17889
17890
17891
17892
17893
17894
17895
17896
17897
17898
17899
17900
17901
17902
17903
17904
17905
17906
17907
17908
17909
17910
17911
17912
17913
17914
17915
17916
17917
17918
17919
17920
17921
17922
17923
17924
17925
17926
17927
17928
17929
17930
17931
17932
17933
17934
17935
17936
17937
17938
17939
17940
17941
17942
17943
17944
17945
17946
17947
17948
17949
17950
17951
17952
17953
17954
17955
17956
17957
17958
17959
17960
17961
17962
17963
17964
17965
17966
17967
17968
17969
17970
17971
17972
17973
17974
17975
17976
17977
17978
17979
17980
17981
17982
17983
17984
17985
17986
17987
17988
17989
17990
17991
17992
17993
17994
17995
17996
17997
17998
17999
